[{
    "horizons": [
      {
        "number": 1,
        "water_potential": [-0.01051,-0.010808,-0.011287,-0.011949,-0.012796,-0.013752,-0.014851,-0.016161,-0.017639,-0.019218,-0.020859,-0.022603,-0.02446,-0.026473,-0.028683,-0.031198,-0.033819,-0.036423,-0.039169,-0.041977,-0.044931,-0.048245,-0.051659,-0.05516,-0.058803,-0.062595,-0.066464,-0.070507,-0.074778,-0.078842,-0.082776,-0.086076,-0.082715,-0.078768,-0.080563,-0.084138,-0.088943,-0.094078,-0.099672,-0.102137,-0.10521,-0.111412,-0.117671,-0.124818,-0.132457,-0.139814,-0.147052,-0.155269,-0.163702,-0.171813,-0.180603,-0.18984,-0.199761,-0.21036,-0.221021,-0.231897,-0.243084,-0.255133,-0.266302,-0.27718,-0.290092,-0.303012,-0.312877,-0.320804,-0.330169,-0.341244,-0.353233,-0.363571,-0.371591,-0.378644,-0.385149,-0.391644,-0.397895,-0.405198,-0.412855,-0.420386,-0.428776,-0.437603,-0.447141,-0.456757,-0.466613,-0.477434,-0.489238,-0.501933,-0.514931,-0.528779,-0.543665,-0.560052,-0.576078,-0.591078,-0.60784,-0.627375,-0.64928,-0.672546,-0.697541,-0.72482,-0.755264,-0.782211,-0.808172],
        "water_content": [-0.01051,-0.010808,-0.011287,-0.011949,-0.012796,-0.013752,-0.014851,-0.016161,-0.017639,-0.019218,-0.020859,-0.022603,-0.02446,-0.026473,-0.028683,-0.031198,-0.033819,-0.036423,-0.039169,-0.041977,-0.044931,-0.048245,-0.051659,-0.05516,-0.058803,-0.062595,-0.066464,-0.070507,-0.074778,-0.078842,-0.082776,-0.086076,-0.082715,-0.078768,-0.080563,-0.084138,-0.088943,-0.094078,-0.099672,-0.102137,-0.10521,-0.111412,-0.117671,-0.124818,-0.132457,-0.139814,-0.147052,-0.155269,-0.163702,-0.171813,-0.180603,-0.18984,-0.199761,-0.21036,-0.221021,-0.231897,-0.243084,-0.255133,-0.266302,-0.27718,-0.290092,-0.303012,-0.312877,-0.320804,-0.330169,-0.341244,-0.353233,-0.363571,-0.371591,-0.378644,-0.385149,-0.391644,-0.397895,-0.405198,-0.412855,-0.420386,-0.428776,-0.437603,-0.447141,-0.456757,-0.466613,-0.477434,-0.489238,-0.501933,-0.514931,-0.528779,-0.543665,-0.560052,-0.576078,-0.591078,-0.60784,-0.627375,-0.64928,-0.672546,-0.697541,-0.72482,-0.755264,-0.782211,-0.808172]
      },
      {
        "number": 2,
        "water_potential": [-0.006735,-0.006914,-0.007242,-0.007697,-0.008251,-0.008956,-0.009825,-0.010885,-0.012111,-0.013464,-0.014892,-0.016327,-0.017954,-0.01973,-0.021857,-0.024201,-0.026459,-0.028682,-0.030886,-0.033241,-0.035854,-0.038656,-0.041625,-0.044738,-0.047997,-0.051276,-0.054878,-0.058747,-0.062532,-0.066555,-0.070434,-0.074243,-0.078249,-0.081985,-0.08499,-0.085918,-0.083419,-0.08165,-0.082883,-0.085485,-0.089495,-0.094501,-0.098922,-0.10272,-0.107226,-0.111945,-0.117366,-0.124051,-0.131324,-0.13829,-0.143752,-0.151707,-0.163225,-0.174317,-0.185505,-0.196956,-0.208436,-0.221096,-0.234148,-0.246862,-0.259029,-0.270184,-0.282717,-0.295554,-0.308591,-0.322372,-0.333495,-0.343624,-0.352354,-0.359941,-0.367526,-0.372361,-0.376864,-0.383349,-0.390144,-0.397001,-0.40473,-0.412717,-0.421088,-0.429454,-0.43775,-0.447066,-0.457774,-0.468183,-0.476531,-0.485611,-0.498002,-0.512462,-0.527674,-0.544516,-0.564031,-0.58557,-0.608573,-0.633281,-0.659952,-0.684003,-0.709835,-0.743685,-0.779388],
        "water_content": [48.47,48.47,48.45,48.42,48.38,48.34,48.29,48.23,48.17,48.09,48.01,47.93,47.85,47.75,47.64,47.54,47.42,47.31,47.2,47.08,46.96,46.83,46.7,46.56,46.41,46.27,46.11,45.95,45.78,45.61,45.43,45.26,45.08,44.9,44.71,44.52,44.32,44.12,43.91,43.69,43.47,43.25,43.02,42.8,42.57,42.33,42.07,41.8,41.52,41.23,40.95,40.65,40.35,40.04,39.74,39.44,39.13,38.81,38.49,38.17,37.86,37.58,37.3,37.01,36.71,36.41,36.1,35.79,35.48,35.17,34.84,34.52,34.21,33.89,33.57,33.23,32.88,32.53,32.16,31.77,31.38,30.99,30.58,30.18,29.82,29.49,29.14,28.76,28.37,27.97,27.56,27.13,26.7,26.26,25.82,25.4,25,24.55,24.1]
      }
    ]
  }]